place(7.725, 1.037, -24.447, "Scout", 750)
place(4.794, 1.037, -25.197, "Scout", 500)
place(9.392, 1.037, -30.855, "Scout", 250)
upgrade(7.725, 2.387, -24.447, 465)
upgrade(4.794, 2.387, -25.197, 315)
upgrade(9.392, 2.387, -30.855, 165)
place(4.193, 1.000, -37.370, "Shotgunner", 601)
upgrade(4.193, 2.350, -37.370, 301)
upgrade(4.193, 2.350, -37.370, 1478)
place(-1.434, 1.000, -37.289, "Shotgunner", 719)
upgrade(-1.434, 2.350, -37.289, 419)
upgrade(-1.434, 2.350, -37.289, 1072)
upgrade(9.392, 2.387, -30.855, 545)
upgrade(7.725, 2.387, -24.447, 796)
upgrade(4.794, 2.387, -25.197, 541)
place(4.122, 1.037, -35.333, "Shotgunner", 1125)
upgrade(4.122, 2.387, -35.333, 1098)
upgrade(4.122, 2.387, -35.333, 983)
place(8.491, 1.000, -39.067, "Scout", 1447)
upgrade(8.491, 2.350, -39.067, 1197)
upgrade(8.491, 2.350, -39.067, 1057)
upgrade(8.491, 2.350, -39.067, 2782)
upgrade(9.392, 2.387, -30.855, 2601)
place(-1.169, 1.037, -35.054, "Shotgunner", 1584)
upgrade(-1.169, 2.387, -35.054, 1668)
upgrade(-1.169, 2.387, -35.054, 1518)
upgrade(7.725, 2.387, -24.447, 2435)
place(-1.093, 1.037, -32.927, "Shotgunner", 622)
upgrade(-1.093, 2.387, -32.927, 522)
